#training information 
input_layer_size 4
hidden_layer_size 30
num_classes 3
learning_rate 0.250000
Rows: Output: Delta: Weights: 
Rows: 0.997411 -0.000002 0.931402 0.265340 0.538985 -0.808980 -0.732208 
Rows: 0.005244 -0.000001 -0.072613 -0.915853 -0.893936 -0.596380 -0.100438 
Rows: 0.989626 -0.000005 0.718728 0.174581 0.548431 -0.911007 -0.666854 
Rows: 0.996273 -0.000002 1.003362 -0.593962 0.790117 -0.746560 0.995863 
Rows: 0.935178 0.000064 -0.142525 1.632612 -1.711700 -1.382822 1.074302 
Rows: 0.308080 0.000125 0.274229 -0.364845 -1.088016 -0.369084 0.873972 
Rows: 0.237054 0.000006 0.143108 -0.532811 0.029807 0.369609 -0.254716 
Rows: 0.000000 0.000000 -1.724421 -3.309386 3.138611 3.747702 -1.552108 
Rows: 0.999400 -0.000000 0.976932 0.148760 0.753698 0.495500 0.256190 
Rows: 0.000000 0.000000 -3.311452 -2.351753 4.159517 4.572063 -0.784601 
Rows: 0.999852 0.000000 0.665102 0.960989 0.488082 0.806705 0.967855 
Rows: 0.904591 0.000101 0.428870 0.877819 -2.331393 0.028454 0.906504 
Rows: 0.818100 0.000118 -0.044905 1.215087 -1.206727 -0.075535 -0.318739 
Rows: 0.030212 -0.000005 0.057133 -0.615861 -0.384931 -0.526555 -0.923743 
Rows: 0.000009 0.000000 -1.493302 -2.438924 2.508609 2.369181 0.008922 
Rows: 0.177068 -0.000011 -0.479673 0.005680 0.750416 -0.541871 -0.132747 
Rows: 0.999970 -0.000000 1.066725 2.190981 -2.143496 -2.461848 1.328119 
Rows: 0.003175 0.000002 -0.356359 -1.064441 -0.508344 0.144307 0.629596 
Rows: 0.012214 -0.000001 -0.814331 0.141569 -0.013629 0.018482 -0.457378 
Rows: 0.992841 -0.000003 1.223056 0.023302 -0.957048 -2.241900 0.323837 
Rows: 0.442402 -0.000019 0.010309 0.165556 -0.044607 -0.469412 -0.680264 
Rows: 0.862514 0.000047 -0.014034 0.254866 0.397823 -0.125829 0.394433 
Rows: 0.004896 0.000001 -1.366052 0.069872 1.434738 1.474277 -0.909174 
Rows: 0.049821 -0.000024 0.121011 -0.915391 -0.595086 0.505942 0.421120 
Rows: 0.000668 -0.000000 -0.815655 -0.780003 -0.276271 0.153795 0.185642 
Rows: 0.000003 0.000000 -1.599857 -2.352551 2.911010 2.207526 -1.365215 
Rows: 0.004147 -0.000005 -1.039286 0.667519 -1.085162 0.644832 -0.422817 
Rows: 0.035580 -0.000052 -0.862248 -1.030948 2.484586 1.474210 0.342974 
Rows: 0.229295 -0.000108 0.143868 -1.281565 1.124001 0.061037 0.445132 
Rows: 0.999910 0.000000 0.886573 0.833070 0.723487 -0.593065 0.587444 
Rows: 0.978621 0.000217 -0.191999 -0.382511 0.500041 0.526404 1.941410 0.268255 -0.264691 -1.581793 -0.735216 0.266384 -0.296493 0.735168 1.036885 0.120466 -1.196672 -0.997235 0.805145 0.466750 -0.670427 0.383111 -0.279052 0.329716 0.080935 -0.646821 -0.554412 -0.732409 -0.670468 -2.472681 -1.373821 -0.631501 0.583058 
Rows: 0.042862 -0.000791 0.831436 0.216653 0.692175 0.666546 -2.332344 -0.643954 -0.122190 -1.718386 0.232667 -2.745459 -0.685845 -2.456386 -1.263450 0.282387 -1.279322 -0.171686 0.741026 -0.794664 -0.132280 0.599641 0.018881 -0.414587 -0.370424 0.576259 -0.023606 -1.602073 0.674003 3.129766 0.769778 -0.572936 0.126208 
Rows: 0.000050 -0.000000 -0.472091 0.647237 -0.506914 -0.838004 -0.936147 0.229114 0.179861 2.374547 -0.655189 1.687022 -1.059975 -0.886261 -1.380995 0.374335 1.337329 -0.289514 -2.294929 0.697490 0.351148 -1.194899 -0.240449 0.720816 0.957720 -0.614365 -0.055463 1.183624 -0.854552 -0.571034 0.462012 -0.728648 -0.018249 
